[Server]
timeout=10

[Ankel]
kp=0
kd=0
//kp=1350
//kd=15

[Sim]
ControlInteval=0.013
Latency=0.0
COMNoise=0.0039
COMVNoise=0.0553
InitialPose=0.99052 0.838119 1.14631 -2.1 0.514593 -1.07789 0 0 0.578313 0.0145123 -0.403142 -0.120836 0.840852 0.574804 -0.894683 -0.360988 0.125298 -0.238473 
//Initial6Dofs=-1.240 0.1344 -0.195 0.0611 -0.005 0.0513
Initial6Dofs=-1.47169 0.162082 -0.180502 0.0631504 0.000457687 0.000507379