[Server]
timeout=10

[Ankel]
kp=0
kd=0
//kp=1350
//kd=15

[Sim]
ControlInteval=0.013
Latency=0.0
COMNoise=0.0039
COMVNoise=0.0553
InitialPose=0.991265 0.838706 1.14596 -2.13542 0.514593 -1.07789 0 0 0.579609 0.0134742 -0.392042 -0.0883432 0.846253 0.652151 -0.89468 -0.237907 0.125298 -0.234745
Initial6Dofs=-1.240 0.1344 -0.195 0.0611 -0.005 0.0513