[Server]
timeout=10

[Ankel]
kp=0
kd=0
//kp=1350
//kd=15

[Mocap]
IsUseIK=0
IsUseCOMControl=1
IsAvoidCollision=1
CollisionBodyPair=16 5 16 9
FileName=../../mocap/oneFootBalance.mocap
//FileName=../../mocap/oneFootBalanceOriginal.mocap
PlaybackSpeed=1

[Display]
IsShowCollisionSphere=1

[Sim]
ControlInteval=0.013
Latency=0.0
COMNoise=0.0039
COMVNoise=0.0553
InitialPose=0.992391 1.11104 1.99426 -1.83591 0.514593 -1.07789 0 0 0.376936 0.0133829 -0.398274 -0.104938 0.843195 0.611373 -0.894682 -0.302882 0.125298 -0.251362
//Initial6Dofs=-1.57 0 0 0 0 0
Initial6Dofs=-1.47169 0.162082 -0.180502 0.0631504 0.000457687 0.000507379